14257079
45504443
45058109
66303873
52004864
43406837
34665245
73183390
77954042
33046153
65002989
58973651
14648558
04410794
12090311
70430584
33618210
34857019
83877859
29120842
50271092
50998760
39756869
69214920
60515373
42481136
23133684
88511171
22648671
91190212
11147650
58840407
36183869
94346321
46423499
79150284
35746382
07528575
68143211
94908119
16715586
51050357
66322076
04587676
39562917
62767382
27451276
70754595
12008912
21946735
58563080
46356223
30825007
75768956
56855371
00206760
89889511
54625434
40069332
30074011
95054126
06949007
45417138
73139607
49932309
17507396
37561426
94720304
19603567
90763747
69623281
88003661
59421151
25443478
66268669
23667975
02885045
67951467
59126692
40583771
05617438
97509546
48516317
45171269
36706241
27414906
06975205
39112293
78308737
28986953
78124532
49952307
56007767
08026699
51406587
99396363
02474419
11691381
87716675
48943193
